{
 "cells": [
  {
   "cell_type": "code",
   "execution_count": 51,
   "metadata": {},
   "outputs": [],
   "source": [
    "import pandas as pd\n",
    "import plotly.express as px\n",
    "pd.set_option('display.max_columns', None)\n",
    "pd.set_option('display.max_rows', None)"
   ]
  },
  {
   "cell_type": "code",
   "execution_count": 52,
   "metadata": {},
   "outputs": [],
   "source": [
    "df=pd.read_csv('Absenteeism_at_work.csv',';')"
   ]
  },
  {
   "cell_type": "code",
   "execution_count": 53,
   "metadata": {},
   "outputs": [
    {
     "data": {
      "text/html": [
       "<div>\n",
       "<style scoped>\n",
       "    .dataframe tbody tr th:only-of-type {\n",
       "        vertical-align: middle;\n",
       "    }\n",
       "\n",
       "    .dataframe tbody tr th {\n",
       "        vertical-align: top;\n",
       "    }\n",
       "\n",
       "    .dataframe thead th {\n",
       "        text-align: right;\n",
       "    }\n",
       "</style>\n",
       "<table border=\"1\" class=\"dataframe\">\n",
       "  <thead>\n",
       "    <tr style=\"text-align: right;\">\n",
       "      <th></th>\n",
       "      <th>Reason for absence</th>\n",
       "      <th>Month of absence</th>\n",
       "      <th>Day of the week</th>\n",
       "      <th>Seasons</th>\n",
       "      <th>Transportation expense</th>\n",
       "      <th>Distance from Residence to Work</th>\n",
       "      <th>Service time</th>\n",
       "      <th>Age</th>\n",
       "      <th>Work load Average/day</th>\n",
       "      <th>Hit target</th>\n",
       "      <th>Disciplinary failure</th>\n",
       "      <th>Education</th>\n",
       "      <th>Son</th>\n",
       "      <th>Social drinker</th>\n",
       "      <th>Social smoker</th>\n",
       "      <th>Pet</th>\n",
       "      <th>Weight</th>\n",
       "      <th>Height</th>\n",
       "      <th>Body mass index</th>\n",
       "      <th>Absenteeism time in hours</th>\n",
       "    </tr>\n",
       "  </thead>\n",
       "  <tbody>\n",
       "    <tr>\n",
       "      <th>0</th>\n",
       "      <td>26</td>\n",
       "      <td>7</td>\n",
       "      <td>3</td>\n",
       "      <td>1</td>\n",
       "      <td>289</td>\n",
       "      <td>36</td>\n",
       "      <td>13</td>\n",
       "      <td>33</td>\n",
       "      <td>239.554</td>\n",
       "      <td>97</td>\n",
       "      <td>0</td>\n",
       "      <td>1</td>\n",
       "      <td>2</td>\n",
       "      <td>1</td>\n",
       "      <td>0</td>\n",
       "      <td>1</td>\n",
       "      <td>90</td>\n",
       "      <td>172</td>\n",
       "      <td>30</td>\n",
       "      <td>4</td>\n",
       "    </tr>\n",
       "    <tr>\n",
       "      <th>1</th>\n",
       "      <td>0</td>\n",
       "      <td>7</td>\n",
       "      <td>3</td>\n",
       "      <td>1</td>\n",
       "      <td>118</td>\n",
       "      <td>13</td>\n",
       "      <td>18</td>\n",
       "      <td>50</td>\n",
       "      <td>239.554</td>\n",
       "      <td>97</td>\n",
       "      <td>1</td>\n",
       "      <td>1</td>\n",
       "      <td>1</td>\n",
       "      <td>1</td>\n",
       "      <td>0</td>\n",
       "      <td>0</td>\n",
       "      <td>98</td>\n",
       "      <td>178</td>\n",
       "      <td>31</td>\n",
       "      <td>0</td>\n",
       "    </tr>\n",
       "    <tr>\n",
       "      <th>2</th>\n",
       "      <td>23</td>\n",
       "      <td>7</td>\n",
       "      <td>4</td>\n",
       "      <td>1</td>\n",
       "      <td>179</td>\n",
       "      <td>51</td>\n",
       "      <td>18</td>\n",
       "      <td>38</td>\n",
       "      <td>239.554</td>\n",
       "      <td>97</td>\n",
       "      <td>0</td>\n",
       "      <td>1</td>\n",
       "      <td>0</td>\n",
       "      <td>1</td>\n",
       "      <td>0</td>\n",
       "      <td>0</td>\n",
       "      <td>89</td>\n",
       "      <td>170</td>\n",
       "      <td>31</td>\n",
       "      <td>2</td>\n",
       "    </tr>\n",
       "    <tr>\n",
       "      <th>3</th>\n",
       "      <td>7</td>\n",
       "      <td>7</td>\n",
       "      <td>5</td>\n",
       "      <td>1</td>\n",
       "      <td>279</td>\n",
       "      <td>5</td>\n",
       "      <td>14</td>\n",
       "      <td>39</td>\n",
       "      <td>239.554</td>\n",
       "      <td>97</td>\n",
       "      <td>0</td>\n",
       "      <td>1</td>\n",
       "      <td>2</td>\n",
       "      <td>1</td>\n",
       "      <td>1</td>\n",
       "      <td>0</td>\n",
       "      <td>68</td>\n",
       "      <td>168</td>\n",
       "      <td>24</td>\n",
       "      <td>4</td>\n",
       "    </tr>\n",
       "    <tr>\n",
       "      <th>4</th>\n",
       "      <td>23</td>\n",
       "      <td>7</td>\n",
       "      <td>5</td>\n",
       "      <td>1</td>\n",
       "      <td>289</td>\n",
       "      <td>36</td>\n",
       "      <td>13</td>\n",
       "      <td>33</td>\n",
       "      <td>239.554</td>\n",
       "      <td>97</td>\n",
       "      <td>0</td>\n",
       "      <td>1</td>\n",
       "      <td>2</td>\n",
       "      <td>1</td>\n",
       "      <td>0</td>\n",
       "      <td>1</td>\n",
       "      <td>90</td>\n",
       "      <td>172</td>\n",
       "      <td>30</td>\n",
       "      <td>2</td>\n",
       "    </tr>\n",
       "    <tr>\n",
       "      <th>5</th>\n",
       "      <td>23</td>\n",
       "      <td>7</td>\n",
       "      <td>6</td>\n",
       "      <td>1</td>\n",
       "      <td>179</td>\n",
       "      <td>51</td>\n",
       "      <td>18</td>\n",
       "      <td>38</td>\n",
       "      <td>239.554</td>\n",
       "      <td>97</td>\n",
       "      <td>0</td>\n",
       "      <td>1</td>\n",
       "      <td>0</td>\n",
       "      <td>1</td>\n",
       "      <td>0</td>\n",
       "      <td>0</td>\n",
       "      <td>89</td>\n",
       "      <td>170</td>\n",
       "      <td>31</td>\n",
       "      <td>2</td>\n",
       "    </tr>\n",
       "    <tr>\n",
       "      <th>6</th>\n",
       "      <td>22</td>\n",
       "      <td>7</td>\n",
       "      <td>6</td>\n",
       "      <td>1</td>\n",
       "      <td>361</td>\n",
       "      <td>52</td>\n",
       "      <td>3</td>\n",
       "      <td>28</td>\n",
       "      <td>239.554</td>\n",
       "      <td>97</td>\n",
       "      <td>0</td>\n",
       "      <td>1</td>\n",
       "      <td>1</td>\n",
       "      <td>1</td>\n",
       "      <td>0</td>\n",
       "      <td>4</td>\n",
       "      <td>80</td>\n",
       "      <td>172</td>\n",
       "      <td>27</td>\n",
       "      <td>8</td>\n",
       "    </tr>\n",
       "    <tr>\n",
       "      <th>7</th>\n",
       "      <td>23</td>\n",
       "      <td>7</td>\n",
       "      <td>6</td>\n",
       "      <td>1</td>\n",
       "      <td>260</td>\n",
       "      <td>50</td>\n",
       "      <td>11</td>\n",
       "      <td>36</td>\n",
       "      <td>239.554</td>\n",
       "      <td>97</td>\n",
       "      <td>0</td>\n",
       "      <td>1</td>\n",
       "      <td>4</td>\n",
       "      <td>1</td>\n",
       "      <td>0</td>\n",
       "      <td>0</td>\n",
       "      <td>65</td>\n",
       "      <td>168</td>\n",
       "      <td>23</td>\n",
       "      <td>4</td>\n",
       "    </tr>\n",
       "    <tr>\n",
       "      <th>8</th>\n",
       "      <td>19</td>\n",
       "      <td>7</td>\n",
       "      <td>2</td>\n",
       "      <td>1</td>\n",
       "      <td>155</td>\n",
       "      <td>12</td>\n",
       "      <td>14</td>\n",
       "      <td>34</td>\n",
       "      <td>239.554</td>\n",
       "      <td>97</td>\n",
       "      <td>0</td>\n",
       "      <td>1</td>\n",
       "      <td>2</td>\n",
       "      <td>1</td>\n",
       "      <td>0</td>\n",
       "      <td>0</td>\n",
       "      <td>95</td>\n",
       "      <td>196</td>\n",
       "      <td>25</td>\n",
       "      <td>40</td>\n",
       "    </tr>\n",
       "    <tr>\n",
       "      <th>9</th>\n",
       "      <td>22</td>\n",
       "      <td>7</td>\n",
       "      <td>2</td>\n",
       "      <td>1</td>\n",
       "      <td>235</td>\n",
       "      <td>11</td>\n",
       "      <td>14</td>\n",
       "      <td>37</td>\n",
       "      <td>239.554</td>\n",
       "      <td>97</td>\n",
       "      <td>0</td>\n",
       "      <td>3</td>\n",
       "      <td>1</td>\n",
       "      <td>0</td>\n",
       "      <td>0</td>\n",
       "      <td>1</td>\n",
       "      <td>88</td>\n",
       "      <td>172</td>\n",
       "      <td>29</td>\n",
       "      <td>8</td>\n",
       "    </tr>\n",
       "  </tbody>\n",
       "</table>\n",
       "</div>"
      ],
      "text/plain": [
       "   Reason for absence  Month of absence  Day of the week  Seasons  \\\n",
       "0                  26                 7                3        1   \n",
       "1                   0                 7                3        1   \n",
       "2                  23                 7                4        1   \n",
       "3                   7                 7                5        1   \n",
       "4                  23                 7                5        1   \n",
       "5                  23                 7                6        1   \n",
       "6                  22                 7                6        1   \n",
       "7                  23                 7                6        1   \n",
       "8                  19                 7                2        1   \n",
       "9                  22                 7                2        1   \n",
       "\n",
       "   Transportation expense  Distance from Residence to Work  Service time  Age  \\\n",
       "0                     289                               36            13   33   \n",
       "1                     118                               13            18   50   \n",
       "2                     179                               51            18   38   \n",
       "3                     279                                5            14   39   \n",
       "4                     289                               36            13   33   \n",
       "5                     179                               51            18   38   \n",
       "6                     361                               52             3   28   \n",
       "7                     260                               50            11   36   \n",
       "8                     155                               12            14   34   \n",
       "9                     235                               11            14   37   \n",
       "\n",
       "   Work load Average/day   Hit target  Disciplinary failure  Education  Son  \\\n",
       "0                 239.554          97                     0          1    2   \n",
       "1                 239.554          97                     1          1    1   \n",
       "2                 239.554          97                     0          1    0   \n",
       "3                 239.554          97                     0          1    2   \n",
       "4                 239.554          97                     0          1    2   \n",
       "5                 239.554          97                     0          1    0   \n",
       "6                 239.554          97                     0          1    1   \n",
       "7                 239.554          97                     0          1    4   \n",
       "8                 239.554          97                     0          1    2   \n",
       "9                 239.554          97                     0          3    1   \n",
       "\n",
       "   Social drinker  Social smoker  Pet  Weight  Height  Body mass index  \\\n",
       "0               1              0    1      90     172               30   \n",
       "1               1              0    0      98     178               31   \n",
       "2               1              0    0      89     170               31   \n",
       "3               1              1    0      68     168               24   \n",
       "4               1              0    1      90     172               30   \n",
       "5               1              0    0      89     170               31   \n",
       "6               1              0    4      80     172               27   \n",
       "7               1              0    0      65     168               23   \n",
       "8               1              0    0      95     196               25   \n",
       "9               0              0    1      88     172               29   \n",
       "\n",
       "   Absenteeism time in hours  \n",
       "0                          4  \n",
       "1                          0  \n",
       "2                          2  \n",
       "3                          4  \n",
       "4                          2  \n",
       "5                          2  \n",
       "6                          8  \n",
       "7                          4  \n",
       "8                         40  \n",
       "9                          8  "
      ]
     },
     "execution_count": 53,
     "metadata": {},
     "output_type": "execute_result"
    }
   ],
   "source": [
    "mycolor=['#aeccdb', '#efa6a5', '#ebbd81']\n",
    "df=df[df['Month of absence']!=0]\n",
    "df.drop(columns=['ID'],inplace=True)\n",
    "df.head(10)"
   ]
  },
  {
   "cell_type": "code",
   "execution_count": 54,
   "metadata": {},
   "outputs": [
    {
     "data": {
      "application/vnd.plotly.v1+json": {
       "config": {
        "plotlyServerURL": "https://plot.ly"
       },
       "data": [
        {
         "coloraxis": "coloraxis",
         "hovertemplate": "x: %{x}<br>y: %{y}<br>color: %{z}<extra></extra>",
         "name": "0",
         "type": "heatmap",
         "x": [
          "Reason for absence",
          "Month of absence",
          "Day of the week",
          "Seasons",
          "Transportation expense",
          "Distance from Residence to Work",
          "Service time",
          "Age",
          "Work load Average/day ",
          "Hit target",
          "Disciplinary failure",
          "Education",
          "Son",
          "Social drinker",
          "Social smoker",
          "Pet",
          "Weight",
          "Height",
          "Body mass index",
          "Absenteeism time in hours"
         ],
         "xaxis": "x",
         "y": [
          "Reason for absence",
          "Month of absence",
          "Day of the week",
          "Seasons",
          "Transportation expense",
          "Distance from Residence to Work",
          "Service time",
          "Age",
          "Work load Average/day ",
          "Hit target",
          "Disciplinary failure",
          "Education",
          "Son",
          "Social drinker",
          "Social smoker",
          "Pet",
          "Weight",
          "Height",
          "Body mass index",
          "Absenteeism time in hours"
         ],
         "yaxis": "y",
         "z": [
          [
           1,
           -0.10274849364947064,
           0.12054292750492447,
           -0.12398812609090756,
           -0.12726287404440753,
           0.16490627725330376,
           0.05133571526280873,
           -0.06884021254604825,
           -0.12486513595725517,
           0.09092547595071765,
           -0.5532214098657252,
           -0.05195658209193286,
           -0.05330112873518825,
           0.06815179063541334,
           -0.11959694489199359,
           -0.03649401336496074,
           0.008961408711327702,
           -0.08084248971328101,
           0.048028287738590074,
           -0.17995194538880543
          ],
          [
           -0.10274849364947064,
           1,
           -0.004357576685902464,
           0.4075598327623992,
           0.1336235113253248,
           -0.0030524599184665645,
           -0.0613935390744599,
           0.007307701782996055,
           -0.17122773408779227,
           -0.46285227853839506,
           0.10690677137899593,
           -0.06989100153254844,
           0.08178902186031566,
           0.058240161942142814,
           -0.04099635782538672,
           0.0662754010816586,
           0.030948963515449932,
           -0.07000682705339743,
           0.059888813141272035,
           0.02060278047307662
          ],
          [
           0.12054292750492447,
           -0.004357576685902464,
           1,
           0.044661280241063306,
           0.034014465238090485,
           0.11540378217485099,
           0.020697608737633648,
           -0.00017255035450908576,
           0.01568176865774223,
           0.030909787501968246,
           -0.014861414390523452,
           0.0591616317651546,
           0.09824819977021976,
           0.044896486466642085,
           0.013517681986042652,
           -0.0251444586158978,
           -0.1281649833529096,
           -0.08353057607336473,
           -0.10212813644281203,
           -0.12402135077051543
          ],
          [
           -0.12398812609090756,
           0.4075598327623992,
           0.044661280241063306,
           1,
           0.034654983087748496,
           -0.06562896111066108,
           -0.010693241783475799,
           -0.01228163854864493,
           0.15066364921287845,
           -0.06103459836737771,
           0.15154688105311806,
           -0.0038242432698358643,
           0.04762287567107147,
           -0.04327925246776418,
           -0.04931654069390201,
           0.0237885174591406,
           -0.02244551668396718,
           -0.034960604680756915,
           -0.006345355113438216,
           -0.0066662343943915845
          ],
          [
           -0.12726287404440753,
           0.1336235113253248,
           0.034014465238090485,
           0.034654983087748496,
           1,
           0.261706650670217,
           -0.3501741331241186,
           -0.22577527807399553,
           0.0054292256453603,
           -0.08004623792852796,
           0.1087819462616028,
           -0.05639006001982756,
           0.3837160161636053,
           0.14634998413606634,
           0.043672431729020245,
           0.421375230620045,
           -0.20587003649491348,
           -0.1951848468835696,
           -0.1345305959011915,
           0.026215454928073405
          ],
          [
           0.16490627725330376,
           -0.0030524599184665645,
           0.11540378217485099,
           -0.06562896111066108,
           0.261706650670217,
           1,
           0.13147742997085507,
           -0.14982546000517052,
           -0.06878149107870095,
           -0.013937802927684801,
           -0.05651048838278589,
           -0.2599092390603667,
           0.053905683613903084,
           0.4562052460210333,
           -0.07536782298730721,
           0.2180445098956533,
           -0.04656358667852355,
           -0.3550402099537508,
           0.11652700999300296,
           -0.08830677509623697
          ],
          [
           0.05133571526280873,
           -0.0613935390744599,
           0.020697608737633648,
           -0.010693241783475799,
           -0.3501741331241186,
           0.13147742997085507,
           1,
           0.6728798583417904,
           -0.0006614111246975824,
           -0.007954251223255654,
           2.591408106693224e-05,
           -0.21266604985099188,
           -0.047551157939347194,
           0.35387493978246676,
           0.07273719335659592,
           -0.451301275323023,
           0.45668447797875983,
           -0.05316821213331318,
           0.5011948858705499,
           0.019580265916197735
          ],
          [
           -0.06884021254604825,
           0.007307701782996055,
           -0.00017255035450908576,
           -0.01228163854864493,
           -0.22577527807399553,
           -0.14982546000517052,
           0.6728798583417904,
           1,
           -0.03958002080332232,
           -0.039932803008527036,
           0.10595362122833678,
           -0.22095517238530682,
           0.0568757584365011,
           0.21747216069902708,
           0.12367681194506182,
           -0.24284483860190864,
           0.4206723675398655,
           -0.06452803574904128,
           0.4741638179477895,
           0.06858997168128335
          ],
          [
           -0.12486513595725517,
           -0.17122773408779227,
           0.01568176865774223,
           0.15066364921287845,
           0.0054292256453603,
           -0.06878149107870095,
           -0.0006614111246975824,
           -0.03958002080332232,
           1,
           -0.08944404594637609,
           0.029022367759646152,
           -0.07500065825500993,
           0.02784340152067348,
           -0.03377175854383619,
           0.030965351882637708,
           0.007333813492481209,
           -0.03862080825085902,
           0.1033458709708857,
           -0.09110233096170445,
           0.02474781087121683
          ],
          [
           0.09092547595071765,
           -0.46285227853839506,
           0.030909787501968246,
           -0.06103459836737771,
           -0.08004623792852796,
           -0.013937802927684801,
           -0.007954251223255654,
           -0.039932803008527036,
           -0.08944404594637609,
           1,
           -0.1478854290357615,
           0.10129635338577903,
           -0.014225873526077487,
           -0.10276842074254007,
           0.05138800802104714,
           0.006352446542335587,
           -0.04553408478517177,
           0.0933321552624311,
           -0.08984254925339745,
           0.026941428086756165
          ],
          [
           -0.5532214098657252,
           0.10690677137899593,
           -0.014861414390523452,
           0.15154688105311806,
           0.1087819462616028,
           -0.05651048838278589,
           2.591408106693224e-05,
           0.10595362122833678,
           0.029022367759646152,
           -0.1478854290357615,
           1,
           -0.059750164762654184,
           0.07242263912522204,
           0.052138755500602325,
           0.1165073303896852,
           0.021501136336127033,
           0.07342921790133673,
           -0.010575312290546679,
           0.0808717168836493,
           -0.12483691397863199
          ],
          [
           -0.05195658209193286,
           -0.06989100153254844,
           0.0591616317651546,
           -0.0038242432698358643,
           -0.05639006001982756,
           -0.2599092390603667,
           -0.21266604985099188,
           -0.22095517238530682,
           -0.07500065825500993,
           0.10129635338577903,
           -0.059750164762654184,
           1,
           -0.1882903871339632,
           -0.4206273435222524,
           0.032249347535279284,
           -0.050743477548444264,
           -0.2999424297037693,
           0.10091709306065118,
           -0.36681034304970705,
           -0.04719718555433546
          ],
          [
           -0.05330112873518825,
           0.08178902186031566,
           0.09824819977021976,
           0.04762287567107147,
           0.3837160161636053,
           0.053905683613903084,
           -0.047551157939347194,
           0.0568757584365011,
           0.02784340152067348,
           -0.014225873526077487,
           0.07242263912522204,
           -0.1882903871339632,
           1,
           0.2058204770675052,
           0.1565243936046627,
           0.11030819217969319,
           -0.14203672691373365,
           -0.013793364542240916,
           -0.1472360599323754,
           0.11448734286117403
          ],
          [
           0.06815179063541334,
           0.058240161942142814,
           0.044896486466642085,
           -0.04327925246776418,
           0.14634998413606634,
           0.4562052460210333,
           0.35387493978246676,
           0.21747216069902708,
           -0.03377175854383619,
           -0.10276842074254007,
           0.052138755500602325,
           -0.4206273435222524,
           0.2058204770675052,
           1,
           -0.11168168676671328,
           -0.13320699705395994,
           0.3767163540256707,
           0.1719040979341481,
           0.3211658883243414,
           0.06565256075798198
          ],
          [
           -0.11959694489199359,
           -0.04099635782538672,
           0.013517681986042652,
           -0.04931654069390201,
           0.043672431729020245,
           -0.07536782298730721,
           0.07273719335659592,
           0.12367681194506182,
           0.030965351882637708,
           0.05138800802104714,
           0.1165073303896852,
           0.032249347535279284,
           0.1565243936046627,
           -0.11168168676671328,
           1,
           0.1102876121661355,
           -0.19807361392448233,
           0.0031880503077817554,
           -0.1957063657811053,
           -0.009536799733181073
          ],
          [
           -0.03649401336496074,
           0.0662754010816586,
           -0.0251444586158978,
           0.0237885174591406,
           0.421375230620045,
           0.2180445098956533,
           -0.451301275323023,
           -0.24284483860190864,
           0.007333813492481209,
           0.006352446542335587,
           0.021501136336127033,
           -0.050743477548444264,
           0.11030819217969319,
           -0.13320699705395994,
           0.1102876121661355,
           1,
           -0.11976892279618713,
           -0.10242833233995591,
           -0.09369592106028099,
           -0.024114700421714166
          ],
          [
           0.008961408711327702,
           0.030948963515449932,
           -0.1281649833529096,
           -0.02244551668396718,
           -0.20587003649491348,
           -0.04656358667852355,
           0.45668447797875983,
           0.4206723675398655,
           -0.03862080825085902,
           -0.04553408478517177,
           0.07342921790133673,
           -0.2999424297037693,
           -0.14203672691373365,
           0.3767163540256707,
           -0.19807361392448233,
           -0.11976892279618713,
           1,
           0.3094915641831944,
           0.9034949895343015,
           0.017933785438727996
          ],
          [
           -0.08084248971328101,
           -0.07000682705339743,
           -0.08353057607336473,
           -0.034960604680756915,
           -0.1951848468835696,
           -0.3550402099537508,
           -0.05316821213331318,
           -0.06452803574904128,
           0.1033458709708857,
           0.0933321552624311,
           -0.010575312290546679,
           0.10091709306065118,
           -0.013793364542240916,
           0.1719040979341481,
           0.0031880503077817554,
           -0.10242833233995591,
           0.3094915641831944,
           1,
           -0.11965786442174882,
           0.14438896399372908
          ],
          [
           0.048028287738590074,
           0.059888813141272035,
           -0.10212813644281203,
           -0.006345355113438216,
           -0.1345305959011915,
           0.11652700999300296,
           0.5011948858705499,
           0.4741638179477895,
           -0.09110233096170445,
           -0.08984254925339745,
           0.0808717168836493,
           -0.36681034304970705,
           -0.1472360599323754,
           0.3211658883243414,
           -0.1957063657811053,
           -0.09369592106028099,
           0.9034949895343015,
           -0.11965786442174882,
           1,
           -0.04766692859500261
          ],
          [
           -0.17995194538880543,
           0.02060278047307662,
           -0.12402135077051543,
           -0.0066662343943915845,
           0.026215454928073405,
           -0.08830677509623697,
           0.019580265916197735,
           0.06858997168128335,
           0.02474781087121683,
           0.026941428086756165,
           -0.12483691397863199,
           -0.04719718555433546,
           0.11448734286117403,
           0.06565256075798198,
           -0.009536799733181073,
           -0.024114700421714166,
           0.017933785438727996,
           0.14438896399372908,
           -0.04766692859500261,
           1
          ]
         ]
        }
       ],
       "layout": {
        "coloraxis": {
         "colorscale": [
          [
           0,
           "rgb(247,244,249)"
          ],
          [
           0.125,
           "rgb(231,225,239)"
          ],
          [
           0.25,
           "rgb(212,185,218)"
          ],
          [
           0.375,
           "rgb(201,148,199)"
          ],
          [
           0.5,
           "rgb(223,101,176)"
          ],
          [
           0.625,
           "rgb(231,41,138)"
          ],
          [
           0.75,
           "rgb(206,18,86)"
          ],
          [
           0.875,
           "rgb(152,0,67)"
          ],
          [
           1,
           "rgb(103,0,31)"
          ]
         ]
        },
        "height": 500,
        "margin": {
         "t": 60
        },
        "template": {
         "data": {
          "bar": [
           {
            "error_x": {
             "color": "#2a3f5f"
            },
            "error_y": {
             "color": "#2a3f5f"
            },
            "marker": {
             "line": {
              "color": "#E5ECF6",
              "width": 0.5
             },
             "pattern": {
              "fillmode": "overlay",
              "size": 10,
              "solidity": 0.2
             }
            },
            "type": "bar"
           }
          ],
          "barpolar": [
           {
            "marker": {
             "line": {
              "color": "#E5ECF6",
              "width": 0.5
             },
             "pattern": {
              "fillmode": "overlay",
              "size": 10,
              "solidity": 0.2
             }
            },
            "type": "barpolar"
           }
          ],
          "carpet": [
           {
            "aaxis": {
             "endlinecolor": "#2a3f5f",
             "gridcolor": "white",
             "linecolor": "white",
             "minorgridcolor": "white",
             "startlinecolor": "#2a3f5f"
            },
            "baxis": {
             "endlinecolor": "#2a3f5f",
             "gridcolor": "white",
             "linecolor": "white",
             "minorgridcolor": "white",
             "startlinecolor": "#2a3f5f"
            },
            "type": "carpet"
           }
          ],
          "choropleth": [
           {
            "colorbar": {
             "outlinewidth": 0,
             "ticks": ""
            },
            "type": "choropleth"
           }
          ],
          "contour": [
           {
            "colorbar": {
             "outlinewidth": 0,
             "ticks": ""
            },
            "colorscale": [
             [
              0,
              "#0d0887"
             ],
             [
              0.1111111111111111,
              "#46039f"
             ],
             [
              0.2222222222222222,
              "#7201a8"
             ],
             [
              0.3333333333333333,
              "#9c179e"
             ],
             [
              0.4444444444444444,
              "#bd3786"
             ],
             [
              0.5555555555555556,
              "#d8576b"
             ],
             [
              0.6666666666666666,
              "#ed7953"
             ],
             [
              0.7777777777777778,
              "#fb9f3a"
             ],
             [
              0.8888888888888888,
              "#fdca26"
             ],
             [
              1,
              "#f0f921"
             ]
            ],
            "type": "contour"
           }
          ],
          "contourcarpet": [
           {
            "colorbar": {
             "outlinewidth": 0,
             "ticks": ""
            },
            "type": "contourcarpet"
           }
          ],
          "heatmap": [
           {
            "colorbar": {
             "outlinewidth": 0,
             "ticks": ""
            },
            "colorscale": [
             [
              0,
              "#0d0887"
             ],
             [
              0.1111111111111111,
              "#46039f"
             ],
             [
              0.2222222222222222,
              "#7201a8"
             ],
             [
              0.3333333333333333,
              "#9c179e"
             ],
             [
              0.4444444444444444,
              "#bd3786"
             ],
             [
              0.5555555555555556,
              "#d8576b"
             ],
             [
              0.6666666666666666,
              "#ed7953"
             ],
             [
              0.7777777777777778,
              "#fb9f3a"
             ],
             [
              0.8888888888888888,
              "#fdca26"
             ],
             [
              1,
              "#f0f921"
             ]
            ],
            "type": "heatmap"
           }
          ],
          "heatmapgl": [
           {
            "colorbar": {
             "outlinewidth": 0,
             "ticks": ""
            },
            "colorscale": [
             [
              0,
              "#0d0887"
             ],
             [
              0.1111111111111111,
              "#46039f"
             ],
             [
              0.2222222222222222,
              "#7201a8"
             ],
             [
              0.3333333333333333,
              "#9c179e"
             ],
             [
              0.4444444444444444,
              "#bd3786"
             ],
             [
              0.5555555555555556,
              "#d8576b"
             ],
             [
              0.6666666666666666,
              "#ed7953"
             ],
             [
              0.7777777777777778,
              "#fb9f3a"
             ],
             [
              0.8888888888888888,
              "#fdca26"
             ],
             [
              1,
              "#f0f921"
             ]
            ],
            "type": "heatmapgl"
           }
          ],
          "histogram": [
           {
            "marker": {
             "pattern": {
              "fillmode": "overlay",
              "size": 10,
              "solidity": 0.2
             }
            },
            "type": "histogram"
           }
          ],
          "histogram2d": [
           {
            "colorbar": {
             "outlinewidth": 0,
             "ticks": ""
            },
            "colorscale": [
             [
              0,
              "#0d0887"
             ],
             [
              0.1111111111111111,
              "#46039f"
             ],
             [
              0.2222222222222222,
              "#7201a8"
             ],
             [
              0.3333333333333333,
              "#9c179e"
             ],
             [
              0.4444444444444444,
              "#bd3786"
             ],
             [
              0.5555555555555556,
              "#d8576b"
             ],
             [
              0.6666666666666666,
              "#ed7953"
             ],
             [
              0.7777777777777778,
              "#fb9f3a"
             ],
             [
              0.8888888888888888,
              "#fdca26"
             ],
             [
              1,
              "#f0f921"
             ]
            ],
            "type": "histogram2d"
           }
          ],
          "histogram2dcontour": [
           {
            "colorbar": {
             "outlinewidth": 0,
             "ticks": ""
            },
            "colorscale": [
             [
              0,
              "#0d0887"
             ],
             [
              0.1111111111111111,
              "#46039f"
             ],
             [
              0.2222222222222222,
              "#7201a8"
             ],
             [
              0.3333333333333333,
              "#9c179e"
             ],
             [
              0.4444444444444444,
              "#bd3786"
             ],
             [
              0.5555555555555556,
              "#d8576b"
             ],
             [
              0.6666666666666666,
              "#ed7953"
             ],
             [
              0.7777777777777778,
              "#fb9f3a"
             ],
             [
              0.8888888888888888,
              "#fdca26"
             ],
             [
              1,
              "#f0f921"
             ]
            ],
            "type": "histogram2dcontour"
           }
          ],
          "mesh3d": [
           {
            "colorbar": {
             "outlinewidth": 0,
             "ticks": ""
            },
            "type": "mesh3d"
           }
          ],
          "parcoords": [
           {
            "line": {
             "colorbar": {
              "outlinewidth": 0,
              "ticks": ""
             }
            },
            "type": "parcoords"
           }
          ],
          "pie": [
           {
            "automargin": true,
            "type": "pie"
           }
          ],
          "scatter": [
           {
            "marker": {
             "colorbar": {
              "outlinewidth": 0,
              "ticks": ""
             }
            },
            "type": "scatter"
           }
          ],
          "scatter3d": [
           {
            "line": {
             "colorbar": {
              "outlinewidth": 0,
              "ticks": ""
             }
            },
            "marker": {
             "colorbar": {
              "outlinewidth": 0,
              "ticks": ""
             }
            },
            "type": "scatter3d"
           }
          ],
          "scattercarpet": [
           {
            "marker": {
             "colorbar": {
              "outlinewidth": 0,
              "ticks": ""
             }
            },
            "type": "scattercarpet"
           }
          ],
          "scattergeo": [
           {
            "marker": {
             "colorbar": {
              "outlinewidth": 0,
              "ticks": ""
             }
            },
            "type": "scattergeo"
           }
          ],
          "scattergl": [
           {
            "marker": {
             "colorbar": {
              "outlinewidth": 0,
              "ticks": ""
             }
            },
            "type": "scattergl"
           }
          ],
          "scattermapbox": [
           {
            "marker": {
             "colorbar": {
              "outlinewidth": 0,
              "ticks": ""
             }
            },
            "type": "scattermapbox"
           }
          ],
          "scatterpolar": [
           {
            "marker": {
             "colorbar": {
              "outlinewidth": 0,
              "ticks": ""
             }
            },
            "type": "scatterpolar"
           }
          ],
          "scatterpolargl": [
           {
            "marker": {
             "colorbar": {
              "outlinewidth": 0,
              "ticks": ""
             }
            },
            "type": "scatterpolargl"
           }
          ],
          "scatterternary": [
           {
            "marker": {
             "colorbar": {
              "outlinewidth": 0,
              "ticks": ""
             }
            },
            "type": "scatterternary"
           }
          ],
          "surface": [
           {
            "colorbar": {
             "outlinewidth": 0,
             "ticks": ""
            },
            "colorscale": [
             [
              0,
              "#0d0887"
             ],
             [
              0.1111111111111111,
              "#46039f"
             ],
             [
              0.2222222222222222,
              "#7201a8"
             ],
             [
              0.3333333333333333,
